apple: 0.4812163407284258
banana: 0.25
cherry: 0.41841522674233955
